108  
1    

1    
  0.0200000000000000   0.0000000000000000   0.0000000000000000
  -0.1957814100    0.0000000000   -0.0000000000
   0.0022583700    0.0000000000   -0.0000000000
   0.0023218800    0.0000000000   -0.0000000000
  -0.0006707000   -0.0000068000   -0.0000000000
   0.0003927600    0.0002504900   -0.0000000000
   0.0003987200   -0.0002364500   -0.0000000000
  -0.0006707000    0.0000068000   -0.0000000000
   0.0003927600   -0.0002504900   -0.0000000000
   0.0003987200    0.0002364500   -0.0000000000
  -0.0006707000    0.0000000000   -0.0000068000
   0.0003927600    0.0000000000    0.0002504900
   0.0003987200    0.0000000000   -0.0002364500
  -0.0001511500   -0.0000042100   -0.0000042100
   0.0001029100    0.0000051400    0.0000051400
   0.0001058600   -0.0000003200   -0.0000003200
  -0.0001511500    0.0000042100   -0.0000042100
   0.0001029100   -0.0000051400    0.0000051400
   0.0001058600    0.0000003200   -0.0000003200
  -0.0006707000    0.0000000000    0.0000068000
   0.0003927600    0.0000000000   -0.0002504900
   0.0003987200    0.0000000000    0.0002364500
  -0.0001511500   -0.0000042100    0.0000042100
   0.0001029100    0.0000051400   -0.0000051400
   0.0001058600   -0.0000003200    0.0000003200
  -0.0001511500    0.0000042100    0.0000042100
   0.0001029100   -0.0000051400   -0.0000051400
   0.0001058600    0.0000003200    0.0000003200
   0.0001468500   -0.0001482300   -0.0001482300
   0.0014147900    0.0008146000    0.0008146000
   0.0013999300   -0.0007967900   -0.0007967900
  -0.0002831600    0.0000000000    0.0000005200
   0.0000746600    0.0000000000   -0.0001468200
   0.0000838200    0.0000000000    0.0001549800
   0.0001468500    0.0001482300   -0.0001482300
   0.0014147900   -0.0008146000    0.0008146000
   0.0013999300    0.0007967900   -0.0007967900
  -0.0002831600    0.0000005200   -0.0000000000
   0.0000746600   -0.0001468200   -0.0000000000
   0.0000838200    0.0001549800   -0.0000000000
   0.0001697300    0.0000000000   -0.0000000000
   0.0001156200    0.0000000000   -0.0000000000
   0.0001259600    0.0000000000   -0.0000000000
  -0.0002831600   -0.0000005200   -0.0000000000
   0.0000746600    0.0001468200   -0.0000000000
   0.0000838200   -0.0001549800   -0.0000000000
   0.0001468500   -0.0001482300    0.0001482300
   0.0014147900    0.0008146000   -0.0008146000
   0.0013999300   -0.0007967900    0.0007967900
  -0.0002831600    0.0000000000   -0.0000005200
   0.0000746600    0.0000000000    0.0001468200
   0.0000838200    0.0000000000   -0.0001549800
   0.0001468500    0.0001482300    0.0001482300
   0.0014147900   -0.0008146000   -0.0008146000
   0.0013999300    0.0007967900    0.0007967900
   0.0216102700    0.0000000000    0.0243668000
   0.0003095800    0.0000000000    0.0000098000
   0.0201828300    0.0000000000   -0.0224752400
   0.0006055900    0.0008120800    0.0000430700
  -0.0001933600    0.0000035400    0.0000019500
   0.0005763100   -0.0007899300   -0.0000490700
   0.0006055900   -0.0008120800    0.0000430700
  -0.0001933600   -0.0000035400    0.0000019500
   0.0005763100    0.0007899300   -0.0000490700
  -0.0002158100    0.0000000000   -0.0000000000
   0.0017926900    0.0000000000   -0.0000000000
  -0.0002451300    0.0000000000   -0.0000000000
  -0.0000082400   -0.0001511400   -0.0000000000
  -0.0000254300    0.0000026800   -0.0000000000
  -0.0000297900    0.0001591300   -0.0000000000
  -0.0000082400    0.0001511400   -0.0000000000
  -0.0000254300   -0.0000026800   -0.0000000000
  -0.0000297900   -0.0001591300   -0.0000000000
   0.0216102700    0.0000000000   -0.0243668000
   0.0003095800    0.0000000000   -0.0000098000
   0.0201828300    0.0000000000    0.0224752400
   0.0006055900    0.0008120800   -0.0000430700
  -0.0001933600    0.0000035400   -0.0000019500
   0.0005763100   -0.0007899300    0.0000490700
   0.0006055900   -0.0008120800   -0.0000430700
  -0.0001933600   -0.0000035400   -0.0000019500
   0.0005763100    0.0007899300    0.0000490700
   0.0216102700    0.0243668000   -0.0000000000
   0.0003095800    0.0000098000   -0.0000000000
   0.0201828300   -0.0224752400   -0.0000000000
  -0.0002158100    0.0000000000   -0.0000000000
   0.0017926900    0.0000000000   -0.0000000000
  -0.0002451300    0.0000000000   -0.0000000000
   0.0216102700   -0.0243668000   -0.0000000000
   0.0003095800   -0.0000098000   -0.0000000000
   0.0201828300    0.0224752400   -0.0000000000
   0.0006055900    0.0000430700    0.0008120800
  -0.0001933600    0.0000019500    0.0000035400
   0.0005763100   -0.0000490700   -0.0007899300
  -0.0000082400    0.0000000000   -0.0001511400
  -0.0000254300    0.0000000000    0.0000026800
  -0.0000297900    0.0000000000    0.0001591300
   0.0006055900   -0.0000430700    0.0008120800
  -0.0001933600   -0.0000019500    0.0000035400
   0.0005763100    0.0000490700   -0.0007899300
   0.0006055900    0.0000430700   -0.0008120800
  -0.0001933600    0.0000019500   -0.0000035400
   0.0005763100   -0.0000490700    0.0007899300
  -0.0000082400    0.0000000000    0.0001511400
  -0.0000254300    0.0000000000   -0.0000026800
  -0.0000297900    0.0000000000   -0.0001591300
   0.0006055900   -0.0000430700   -0.0008120800
  -0.0001933600   -0.0000019500   -0.0000035400
   0.0005763100    0.0000490700    0.0007899300
